66666 1901  019 0039 1901 1 0                PABUK              20190215
18123106 002 2 076 1119 1004     000                                    
18123112 002 2 073 1113 1004     000                                    
18123118 002 2 070 1111 1004     000                                    
19010100 002 2 066 1107 1004     000                                    
19010106 002 3 063 1102 1000     035     00000 0000 70180 0120          
19010112 002 3 060 1099 1000     035     00000 0000 70180 0120          
19010118 002 3 058 1095 1000     035     00000 0000 70180 0120          
19010200 002 3 059 1086 1000     035     00000 0000 70180 0120          
19010206 002 3 062 1080 1000     035     00000 0000 70180 0120          
19010212 002 3 063 1070 1000     035     00000 0000 70180 0120          
19010218 002 3 060 1058 1000     035     00000 0000 70180 0120          
19010300 002 3 058 1050 1000     035     00000 0000 70180 0120          
19010306 002 3 061 1041 1000     035     00000 0000 70180 0120          
19010312 002 3 068 1034  998     040     00000 0000 70180 0120          
19010318 002 3 075 1025  996     045     00000 0000 70180 0120          
19010400 002 3 079 1015  996     045     00000 0000 80180 0090          
19010406 002 3 081 1008  996     045     00000 0000 80180 0090          
19010412 002 3 082 1001 1000     040     00000 0000 10120 0060          
19010418 002 2 084 0994 1006     000                                    
66666 1902  048 0002 1902 0 6                WUTIP              20190403
19021812 002 2 047 1625 1006     000                                    
19021818 002 2 048 1612 1004     000                                    
19021900 002 2 052 1598 1006     000                                    
19021906 002 2 049 1584 1004     000                                    
19021912 002 2 045 1566 1004     000                                    
19021918 002 3 045 1555 1000     035     00000 0000 80150 0090          
19022000 002 3 047 1546  994     045     00000 0000 80150 0090          
19022006 002 4 047 1538  992     050     00000 0000 80210 0120          
19022012 002 4 050 1526  985     060     90030 0030 80270 0180          
19022018 002 5 057 1516  980     065     90050 0050 80270 0180          
19022100 002 5 061 1505  975     070     90060 0060 80270 0180          
19022106 002 5 064 1496  960     080     90070 0070 80270 0210          
19022112 002 5 069 1487  960     080     90070 0070 80270 0210          
19022118 002 5 075 1479  960     080     90070 0070 80270 0210          
19022200 002 5 082 1468  960     080     90070 0070 80270 0210          
19022206 002 5 092 1462  960     080     90070 0070 80270 0210          
19022212 002 5 099 1450  960     080     90070 0070 80270 0210          
19022218 002 5 101 1440  960     080     90070 0070 90240 0240          
19022300 002 5 106 1437  955     085     90070 0070 90240 0240          
19022306 002 5 114 1433  940     095     90070 0070 90240 0240          
19022312 002 5 120 1428  920     105     90080 0080 90240 0240          
19022318 002 5 124 1424  920     105     90080 0080 90240 0240          
19022400 002 5 127 1421  920     105     90080 0080 90240 0240          
19022406 002 5 129 1417  940     095     90070 0070 80240 0150          
19022412 002 5 131 1412  940     095     90070 0070 80240 0150          
19022418 002 5 131 1407  940     095     90070 0070 80240 0120          
19022500 002 5 134 1404  935     100     90070 0070 80240 0120          
19022506 002 5 138 1402  935     100     90070 0070 80240 0120          
19022512 002 5 142 1401  935     100     90070 0070 80240 0120          
19022518 002 5 146 1399  935     100     90070 0070 10240 0120          
19022600 002 5 149 1399  950     090     90060 0060 10210 0120          
19022606 002 5 152 1399  940     095     90060 0060 10210 0120          
19022612 002 5 154 1401  950     085     90050 0050 10180 0090          
19022618 002 5 157 1401  955     080     90050 0050 10180 0090          
19022700 002 5 160 1400  965     070     90050 0050 10180 0090          
19022706 002 5 164 1398  970     065     90040 0040 10180 0090          
19022712 002 4 165 1390  980     055     90030 0030 10180 0090          
19022718 002 4 167 1377  990     050     00000 0000 10150 0090          
19022800 002 3 172 1367  996     040     00000 0000 10150 0090          
19022806 002 2 176 1356 1004     000                                    
19022812 002 2 182 1350 1010     000                                    
19022818 002 2 186 1346 1010     000                                    
19030100 002 2 191 1344 1012     000                                    
19030106 002 2 194 1342 1010     000                                    
19030112 002 2 197 1340 1012     000                                    
19030118 002 2 196 1340 1010     000                                    
19030200 002 2 194 1339 1010     000                                    
19030206 002 2 189 1331 1008     000                                    
66666 1903  033 0003 1903 1 0                SEPAT              20190805
19062412 002 2 179 1277 1008     000                                    
19062418 002 2 184 1278 1006     000                                    
19062500 002 2 189 1279 1006     000                                    
19062506 002 2 194 1280 1006     000                                    
19062512 002 2 198 1281 1006     000                                    
19062518 002 2 205 1282 1006     000                                    
19062600 002 2 214 1284 1004     000                                    
19062606 002 2 229 1288 1004     000                                    
19062612 002 2 248 1295 1004     000                                    
19062618 002 2 264 1300 1004     000                                    
19062700 002 2 284 1304 1002     000                                    
19062706 002 2 308 1320 1000     000                                    
19062712 002 3 326 1347  998     035     00000 0000 30150 0060          
19062718 002 3 341 1376  996     040     00000 0000 30150 0060          
19062800 002 3 352 1416  994     040     00000 0000 30150 0060          
19062806 002 6 360 1470  992     000                                    
19062812 002 6 370 1510  992     000                                    
19062818 002 6 380 1543  994     000                                    
19062900 002 6 390 1563  994     000                                    
19062906 002 6 398 1585  998     000                                    
19062912 002 6 410 1601 1002     000                                    
19062918 002 6 422 1608 1004     000                                    
19063000 002 6 438 1616 1004     000                                    
19063006 002 6 443 1633 1004     000                                    
19063012 002 6 450 1655 1004     000                                    
19063018 002 6 461 1682 1004     000                                    
19070100 002 6 474 1699 1004     000                                    
19070106 002 6 493 1722 1004     000                                    
19070112 002 6 513 1743 1002     000                                    
19070118 002 6 536 1767 1002     000                                    
19070200 002 6 572 1787 1002     000                                    
19070206 002 6 595 1795 1002     000                                    
19070212 002 6 611 1820 1002     000                                    
66666 1904  013 0005 1904 0 6                  MUN              20190822
19070118 002 2 180 1140  998     000                                    
19070200 002 2 185 1133  998     000                                    
19070206 002 3 188 1124  994     035     00000 0000 30450 0240          
19070212 002 3 189 1115  994     035     00000 0000 30475 0240          
19070218 002 3 192 1106  994     035     00000 0000 30400 0240          
19070300 002 3 194 1095  994     035     00000 0000 30270 0120          
19070306 002 3 195 1084  992     035     00000 0000 30210 0090          
19070312 002 3 199 1073  992     035     00000 0000 30150 0090          
19070318 002 3 203 1067  994     035     00000 0000 30120 0060          
19070400 002 3 208 1062  994     035     00000 0000 30090 0060          
19070406 002 2 216 1054  998     000                                    
19070412 002 2 223 1045 1000     000                                    
19070418 002 2 231 1038 1000     000                                    
66666 1905  038 0006 1905 0 6                DANAS              20190823
19071400 002 2 126 1367 1004     000                                    
19071406 002 2 133 1353 1004     000                                    
19071412 002 2 140 1343 1004     000                                    
19071418 002 2 150 1332 1002     000                                    
19071500 002 2 156 1321 1002     000                                    
19071506 002 2 164 1312 1000     000                                    
19071512 002 2 169 1295 1000     000                                    
19071518 002 2 170 1275  998     000                                    
19071600 002 2 170 1260  998     000                                    
19071606 002 3 171 1249  994     035     00000 0000 30300 0210          
19071612 002 3 172 1239  994     035     00000 0000 30300 0210          
19071618 002 3 173 1234  994     035     00000 0000 30300 0210          
19071700 002 3 181 1235  994     035     00000 0000 30300 0210          
19071706 002 3 190 1237  994     035     00000 0000 30350 0270          
19071712 002 3 205 1241  992     035     00000 0000 30350 0270          
19071718 002 3 219 1241  992     035     00000 0000 30350 0270          
19071800 002 3 236 1241  990     040     00000 0000 30350 0270          
19071806 002 3 257 1241  990     040     00000 0000 30350 0270          
19071812 002 3 265 1240  990     040     00000 0000 30350 0270          
19071818 002 3 278 1240  985     045     00000 0000 30300 0240          
19071900 002 3 290 1240  985     045     00000 0000 30300 0240          
19071906 002 3 303 1242  985     045     00000 0000 20350 0200          
19071912 002 3 318 1247  985     045     00000 0000 20350 0200          
19071918 002 3 331 1252  985     040     00000 0000 20350 0200          
19072000 002 3 342 1255  985     040     00000 0000 20350 0200          
19072006 002 3 348 1257  990     040     00000 0000 20350 0150          
19072012 002 3 357 1263  994     035     00000 0000 20350 0150          
19072018 002 2 366 1272  996     000                                    
19072100 002 2 379 1285  998     000                                    
19072106 002 2 390 1296  998     000                                    
19072112 002 6 402 1304  998     000                                    
19072118 002 6 411 1314  996     000                                    
19072200 002 6 414 1319  996     000                                    
19072206 002 6 417 1321  998     000                                    
19072212 002 6 420 1329 1000     000                                    
19072218 002 6 423 1344 1000     000                                    
19072300 002 6 426 1357 1002     000                                    
19072306 002 6 431 1371 1002     000                                    
66666 1906  024 0008 1906 0 6                 NARI              20190904
19072400 002 2 230 1370 1008     000                                    
19072406 002 2 235 1375 1006     000                                    
19072412 002 2 243 1378 1006     000                                    
19072418 002 2 253 1378 1006     000                                    
19072500 002 2 263 1377 1006     000                                    
19072506 002 2 265 1375 1004     000                                    
19072512 002 2 275 1375 1006     000                                    
19072518 002 3 285 1373 1002     035     00000 0000 20210 0120          
19072600 002 3 297 1371 1000     035     00000 0000 20210 0120          
19072606 002 3 309 1362 1000     035     00000 0000 20210 0120          
19072612 002 3 320 1358 1000     035     00000 0000 20210 0120          
19072618 002 3 334 1359  998     035     00000 0000 20210 0120          
19072622 002 3 341 1363 1000     035     00000 0000 20210 0120         #
19072700 002 3 347 1364 1000     035     00000 0000 20180 0090          
19072706 002 2 356 1367 1004     000                                    
19072712 002 2 360 1383 1008     000                                    
19072718 002 2 366 1398 1008     000                                    
19072800 002 6 369 1420 1010     000                                    
19072806 002 6 376 1437 1010     000                                    
19072812 002 6 382 1457 1010     000                                    
19072818 002 6 387 1477 1010     000                                    
19072900 002 6 393 1498 1010     000                                    
19072906 002 6 398 1516 1008     000                                    
19072912 002 6 405 1529 1010     000                                    
66666 1907  022 0009 1907 0 6                WIPHA              20190926
19073000 002 2 171 1160 1002     000                                    
19073006 002 2 176 1154  998     000                                    
19073012 002 2 180 1148  996     000                                    
19073018 002 3 184 1142  994     035     00000 0000 20240 0160          
19073100 002 3 188 1137  994     035     00000 0000 20240 0160          
19073106 002 3 192 1129  992     035     00000 0000 20270 0210          
19073112 002 3 195 1122  992     035     00000 0000 20270 0210          
19073118 002 3 201 1114  990     040     00000 0000 20270 0210          
19080100 002 3 204 1108  990     040     00000 0000 20270 0210          
19080106 002 3 210 1105  990     040     00000 0000 20270 0210          
19080112 002 3 214 1102  990     040     00000 0000 30270 0180          
19080118 002 3 212 1094  990     040     00000 0000 30240 0120          
19080200 002 3 212 1091  990     040     00000 0000 30240 0090          
19080206 002 3 211 1090  985     045     00000 0000 30240 0090          
19080212 002 3 216 1082  990     040     00000 0000 30180 0090          
19080218 002 3 215 1073  992     035     00000 0000 30150 0090          
19080300 002 3 212 1065  992     035     00000 0000 30150 0090          
19080306 002 3 208 1062  992     035     00000 0000 20120 0060          
19080312 002 2 202 1054  994     000                                    
19080318 002 2 197 1044  996     000                                    
19080400 002 2 207 1028  998     000                                    
19080406 002 2 205 1021  998     000                                    
66666 1908  050 0010 1908 0 6            FRANCISCO              20191002
19080100 002 2 174 1547 1002     000                                    
19080106 002 2 181 1544 1002     000                                    
19080112 002 2 187 1541 1002     000                                    
19080118 002 2 195 1535 1000     000                                    
19080200 002 2 203 1529 1000     000                                    
19080206 002 2 213 1521 1000     000                                    
19080212 002 3 223 1512  998     035     00000 0000 10150 0090          
19080218 002 3 233 1500  998     035     00000 0000 10150 0090          
19080300 002 3 243 1486  998     035     00000 0000 10150 0090          
19080306 002 3 251 1474  996     040     00000 0000 10150 0090          
19080312 002 3 259 1461  996     040     00000 0000 10150 0090          
19080315 002 3 263 1453  996     040     00000 0000 90120 0120          
19080318 002 3 267 1446  992     045     00000 0000 90120 0120          
19080321 002 4 271 1439  990     050     00000 0000 90120 0120          
19080400 002 4 276 1431  990     050     00000 0000 10120 0090          
19080403 002 4 281 1423  990     050     00000 0000 10120 0090          
19080406 002 4 286 1414  990     050     00000 0000 10120 0090          
19080412 002 4 292 1401  985     055     90030 0030 10120 0090          
19080418 002 4 299 1382  980     060     90030 0030 10120 0090          
19080500 002 4 304 1362  980     060     90030 0030 80150 0090          
19080506 002 4 308 1346  980     060     90040 0040 80150 0090          
19080509 002 5 310 1338  975     065     90040 0040 80150 0090          
19080512 002 5 312 1330  970     070     90040 0040 20120 0090          
19080515 002 5 314 1324  970     070     90040 0040 20120 0090          
19080518 002 5 318 1319  970     070     90030 0030 90090 0090          
19080520 002 5 319 1315  970     070     90030 0030 90090 0090         #
19080521 002 5 321 1313  975     065     90030 0030 90090 0090          
19080600 002 3 328 1306  992     045     00000 0000 20090 0060          
19080603 002 3 334 1300  996     040     00000 0000 20090 0060          
19080606 002 3 340 1298  998     035     00000 0000 20090 0060          
19080612 002 3 351 1295 1000     035     00000 0000 90060 0060          
19080618 002 3 367 1288 1000     035     00000 0000 90060 0060          
19080700 002 2 379 1290 1000     000                                    
19080706 002 2 387 1292 1002     000                                    
19080712 002 2 396 1297 1002     000                                    
19080718 002 2 408 1309 1000     000                                    
19080800 002 2 415 1327 1000     000                                    
19080806 002 2 425 1353 1000     000                                    
19080812 002 2 428 1371 1000     000                                    
19080818 002 6 430 1395  996     000                                    
19080900 002 6 429 1420 1000     000                                    
19080906 002 6 419 1455 1002     000                                    
19080912 002 6 410 1487 1002     000                                    
19080918 002 6 406 1520 1004     000                                    
19081000 002 6 403 1555 1006     000                                    
19081006 002 6 400 1592 1006     000                                    
19081012 002 6 402 1631 1006     000                                    
19081018 002 6 410 1671 1006     000                                    
19081100 002 6 415 1701 1006     000                                    
19081106 002 6 425 1722 1006     000                                    
66666 1909  056 0011 1909 0 6               LEKIMA              20191003
19080206 002 2 145 1343 1002     000                                    
19080212 002 2 144 1338 1002     000                                    
19080218 002 2 143 1333 1000     000                                    
19080300 002 2 143 1328 1000     000                                    
19080306 002 2 145 1323 1000     000                                    
19080312 002 2 150 1319 1000     000                                    
19080318 002 2 157 1315  998     000                                    
19080400 002 2 163 1310  998     000                                    
19080406 002 3 169 1306  994     035     00000 0000 40350 0180          
19080412 002 3 175 1302  994     040     00000 0000 40350 0180          
19080418 002 3 177 1301  994     040     00000 0000 40350 0180          
19080500 002 3 179 1300  994     040     00000 0000 40350 0180          
19080506 002 3 180 1299  990     045     00000 0000 40350 0180          
19080512 002 3 182 1298  990     045     00000 0000 40350 0230          
19080518 002 4 185 1295  985     050     00000 0000 40350 0230          
19080600 002 4 188 1293  985     050     00000 0000 40350 0230          
19080606 002 4 192 1290  980     055     90030 0030 40350 0230          
19080612 002 5 195 1287  975     065     90040 0040 40350 0270          
19080618 002 5 199 1284  970     070     90060 0060 40350 0270          
19080700 002 5 204 1281  960     075     90100 0100 40350 0270          
19080706 002 5 210 1276  950     080     90100 0100 90270 0270          
19080712 002 5 216 1270  940     090     90100 0100 90270 0270          
19080718 002 5 221 1265  935     095     90100 0100 90270 0270          
19080721 002 5 224 1262  935     095     90100 0100 90270 0270          
19080800 002 5 227 1260  935     095     90100 0100 90270 0270          
19080803 002 5 232 1257  935     095     90100 0100 90270 0270          
19080806 002 5 236 1254  930     100     90100 0100 90270 0270          
19080809 002 5 240 1252  930     100     90100 0100 90270 0270          
19080812 002 5 243 1250  925     105     90100 0100 90300 0300          
19080815 002 5 249 1248  925     105     90100 0100 90300 0300          
19080818 002 5 255 1245  935     095     90100 0100 90300 0300          
19080821 002 5 260 1240  935     095     90100 0100 90300 0300          
19080900 002 5 264 1234  940     090     90100 0100 90300 0300          
19080906 002 5 271 1225  940     090     90100 0100 90300 0300          
19080912 002 5 275 1220  940     090     90100 0100 90300 0300          
19080918 002 5 282 1213  950     085     20100 0070 20300 0250          
19081000 002 4 291 1207  970     060     90060 0060 20300 0250          
19081006 002 4 299 1204  975     050     00000 0000 20375 0250          
19081012 002 3 308 1204  980     045     00000 0000 20375 0250          
19081018 002 3 323 1203  980     045     00000 0000 20375 0250          
19081100 002 3 336 1201  980     045     00000 0000 20375 0250          
19081106 002 3 350 1200  980     045     00000 0000 20375 0150          
19081112 002 3 359 1200  980     045     00000 0000 20300 0150          
19081118 002 3 371 1201  980     040     00000 0000 20300 0150          
19081200 002 3 378 1196  985     035     00000 0000 90180 0180          
19081206 002 3 379 1195  985     035     00000 0000 90180 0180          
19081212 002 3 369 1196  990     035     00000 0000 90180 0180          
19081218 002 2 370 1200  992     000                                    
19081300 002 2 372 1200  996     000                                    
19081306 002 2 381 1205  996     000                                    
19081312 002 2 386 1209  998     000                                    
19081318 002 2 389 1211  998     000                                    
19081400 002 6 388 1214 1000     000                                    
19081406 002 6 388 1215 1000     000                                    
19081412 002 6 386 1217  998     000                                    
19081418 002 6 384 1219  996     000                                    
66666 1910  059 0012 1910 0 6                KROSA              20191003
19080500 002 2 156 1477 1004     000                                    
19080506 002 2 161 1465 1000     000                                    
19080512 002 2 168 1452 1000     000                                    
19080518 002 2 175 1440 1000     000                                    
19080600 002 2 180 1434 1000     000                                    
19080606 002 3 185 1428  998     035     00000 0000 90300 0300          
19080612 002 3 189 1424  996     040     00000 0000 90300 0300          
19080618 002 3 197 1421  992     045     00000 0000 90300 0300          
19080700 002 4 205 1419  990     050     00000 0000 90300 0300          
19080706 002 4 211 1414  990     050     00000 0000 90300 0300          
19080712 002 4 215 1410  980     060     90040 0040 90300 0300          
19080718 002 5 217 1408  975     065     90050 0050 90300 0300          
19080800 002 5 219 1405  970     070     90050 0050 90350 0350          
19080806 002 5 221 1406  965     075     90090 0090 90350 0350          
19080812 002 5 221 1407  965     075     90090 0090 90350 0350          
19080818 002 5 220 1410  965     075     90090 0090 90325 0325          
19080900 002 5 220 1411  965     075     90090 0090 90325 0325          
19080906 002 5 220 1413  965     075     90090 0090 40350 0300          
19080912 002 5 222 1414  965     075     90090 0090 40350 0300          
19080918 002 5 223 1414  965     070     90090 0090 40350 0300          
19081000 002 5 227 1413  965     070     90090 0090 40350 0300          
19081006 002 5 229 1410  965     065     90100 0100 40350 0300          
19081012 002 5 228 1407  965     065     90100 0100 40350 0300          
19081018 002 5 227 1405  965     065     90100 0100 40450 0350          
19081100 002 5 231 1403  965     065     90100 0100 40450 0350          
19081106 002 5 236 1398  965     065     90100 0100 40500 0300          
19081112 002 4 240 1392  965     060     90120 0120 40500 0300          
19081118 002 4 242 1385  965     060     90150 0150 40500 0300          
19081200 002 4 247 1380  965     060     90180 0180 40500 0300          
19081206 002 4 250 1377  970     050     00000 0000 40600 0300          
19081212 002 4 259 1371  970     050     00000 0000 40600 0300          
19081218 002 4 268 1364  970     050     00000 0000 40600 0350          
19081300 002 4 274 1352  970     050     00000 0000 40600 0350          
19081306 002 4 276 1347  970     050     00000 0000 40600 0325          
19081312 002 4 281 1343  970     050     00000 0000 40600 0325          
19081318 002 4 283 1335  965     055     90130 0130 40450 0325          
19081321 002 4 284 1334  965     055     90130 0130 30325 0280          
19081400 002 4 288 1332  965     055     90130 0130 30325 0280          
19081403 002 4 291 1331  965     055     30140 0110 30325 0280          
19081406 002 4 296 1331  965     055     30150 0090 30325 0280          
19081409 002 4 301 1330  965     055     30150 0090 30325 0280          
19081412 002 4 306 1329  965     055     30150 0090 30325 0280          
19081415 002 4 308 1327  965     055     20180 0090 20325 0270          
19081418 002 4 317 1326  970     055     20180 0090 20325 0270          
19081421 002 4 322 1326  975     055     20180 0030 20325 0270          
19081500 002 4 327 1324  975     050     00000 0000 20325 0270          
19081502 002 4 334 1323  975     050     00000 0000 20325 0270         #
19081503 002 4 336 1323  975     050     00000 0000 20325 0270          
19081506 002 3 343 1326  978     045     00000 0000 20325 0270          
19081509 002 3 353 1330  978     045     00000 0000 30325 0270          
19081512 002 3 362 1331  980     045     00000 0000 30325 0270          
19081518 002 3 380 1335  980     045     00000 0000 30375 0270          
19081600 002 3 399 1343  980     045     00000 0000 30400 0250          
19081606 002 3 409 1356  980     045     00000 0000 30425 0250          
19081612 002 6 430 1380  984     000                                    
19081618 002 6 437 1385  986     000                                    
19081700 002 6 444 1401  990     000                                    
19081706 002 6 447 1405  994     000                                    
19081712 002 6 451 1410 1000     000                                    
66666 1911  028 0014 1911 0 6                BAILU              20191004
19081912 002 2 130 1340 1006     000                                    
19081918 002 2 131 1339 1004     000                                    
19082000 002 2 134 1338 1004     000                                    
19082006 002 2 137 1335 1002     000                                    
19082012 002 2 141 1332 1002     000                                    
19082018 002 2 143 1328 1000     000                                    
19082100 002 2 145 1323 1000     000                                    
19082106 002 3 146 1313  998     035     00000 0000 90300 0300          
19082112 002 3 148 1304  998     035     00000 0000 90300 0300          
19082118 002 3 152 1298  996     035     00000 0000 90300 0300          
19082200 002 3 154 1291  994     040     00000 0000 90300 0300          
19082206 002 3 157 1285  994     040     00000 0000 90300 0300          
19082212 002 3 163 1278  990     045     00000 0000 90300 0300          
19082218 002 4 172 1273  985     050     00000 0000 90300 0300          
19082300 002 4 183 1264  985     050     00000 0000 90300 0300          
19082306 002 4 191 1254  985     050     00000 0000 90270 0270          
19082312 002 4 199 1245  985     050     00000 0000 90270 0270          
19082318 002 4 207 1230  985     050     00000 0000 90240 0240          
19082400 002 4 215 1218  985     050     00000 0000 90240 0240          
19082406 002 4 224 1207  985     050     00000 0000 90240 0240          
19082412 002 4 224 1193  990     050     00000 0000 90240 0240          
19082418 002 3 227 1180  994     040     00000 0000 90240 0240          
19082500 002 3 241 1171  994     040     00000 0000 20270 0180          
19082506 002 3 246 1157  994     040     00000 0000 20270 0180          
19082512 002 3 247 1142  996     035     00000 0000 20270 0180          
19082518 002 2 248 1130  998     000                                    
19082600 002 2 253 1121 1000     000                                    
19082606 002 2 257 1111 1000     000                                    
66666 1912  028 0015 1912 0 6                PODUL              20191004
19082406 002 2 084 1425 1004     000                                    
19082412 002 2 081 1400 1006     000                                    
19082418 002 2 083 1386 1006     000                                    
19082500 002 2 110 1377 1006     000                                    
19082506 002 2 120 1369 1004     000                                    
19082512 002 2 124 1355 1004     000                                    
19082518 002 2 125 1336 1002     000                                    
19082600 002 2 128 1322 1002     000                                    
19082606 002 2 131 1308 1000     000                                    
19082612 002 2 135 1295 1002     000                                    
19082618 002 2 135 1282 1002     000                                    
19082700 002 2 144 1265 1002     000                                    
19082706 002 2 154 1242 1000     000                                    
19082712 002 2 160 1219 1002     000                                    
19082718 002 2 161 1196 1000     000                                    
19082800 002 3 165 1173  998     035     00000 0000 80240 0120          
19082806 002 3 166 1160  996     040     00000 0000 10210 0100          
19082812 002 3 169 1145  994     040     00000 0000 10180 0090          
19082818 002 3 172 1132  994     040     00000 0000 10180 0090          
19082900 002 3 175 1111  994     040     00000 0000 10180 0090          
19082906 002 3 175 1091  992     040     00000 0000 80200 0100          
19082912 002 3 176 1083  992     040     00000 0000 10200 0100          
19082918 002 3 174 1063  994     035     00000 0000 10150 0060          
19083000 002 2 168 1051  994     000                                    
19083006 002 2 167 1033  996     000                                    
19083012 002 2 167 1027  996     000                                    
19083018 002 2 173 1026  998     000                                    
19083100 002 2 179 1021 1000     000                                    
66666 1913  055 0017 1913 1 0             LINGLING              20191018
19083100 002 2 062 1337 1006     000                                    
19083106 002 2 070 1329 1004     000                                    
19083112 002 2 080 1320 1006     000                                    
19083118 002 2 090 1313 1004     000                                    
19090100 002 2 108 1302 1006     000                                    
19090106 002 2 126 1291 1004     000                                    
19090112 002 2 138 1277 1002     000                                    
19090118 002 2 144 1269 1002     000                                    
19090200 002 3 152 1261 1000     035     00000 0000 10150 0120          
19090206 002 3 167 1250 1000     035     00000 0000 10210 0120          
19090212 002 3 180 1243  998     040     00000 0000 10210 0120          
19090218 002 3 189 1240  994     045     00000 0000 10210 0120          
19090300 002 4 197 1239  992     050     00000 0000 20210 0120          
19090306 002 4 206 1240  990     055     90040 0040 20210 0150          
19090312 002 4 213 1242  985     060     90060 0060 20210 0150          
19090318 002 5 217 1244  980     065     90060 0060 20180 0120          
19090400 002 5 220 1246  975     070     90060 0060 20180 0120          
19090406 002 5 224 1249  970     075     90060 0060 20180 0120          
19090412 002 5 229 1253  965     080     90060 0060 20180 0120          
19090415 002 5 233 1254  960     080     90060 0060 20180 0120          
19090418 002 5 235 1254  955     085     90070 0070 20180 0120          
19090421 002 5 238 1253  950     085     90070 0070 20180 0120          
19090500 002 5 242 1253  950     085     90070 0070 20180 0120          
19090503 002 5 245 1253  945     090     90070 0070 20180 0120          
19090506 002 5 249 1253  940     095     90070 0070 20210 0120          
19090509 002 5 254 1253  940     095     90070 0070 20210 0120          
19090512 002 5 257 1252  940     095     20090 0070 20210 0150          
19090515 002 5 262 1252  940     095     20090 0070 20210 0150          
19090518 002 5 268 1252  945     090     20090 0070 20210 0150          
19090521 002 5 273 1252  945     090     20090 0070 20210 0150          
19090600 002 5 280 1251  950     085     20090 0070 20240 0150          
19090606 002 5 296 1252  955     080     20090 0070 20250 0160          
19090612 002 5 314 1252  960     075     20090 0070 30300 0160          
19090618 002 5 336 1252  965     070     20090 0070 30300 0160          
19090700 002 5 358 1251  970     065     90070 0070 30300 0160          
19090706 002 4 379 1252  975     060     90070 0070 20300 0160          
19090712 002 4 408 1264  985     050     00000 0000 20300 0160          
19090718 002 3 444 1285  985     045     00000 0000 20300 0160          
19090800 002 6 473 1305  984     000                                    
19090806 002 6 488 1328  982     000                                    
19090812 002 6 511 1372  982     000                                    
19090818 002 6 527 1404  976     000                                    
19090900 002 6 539 1434  976     000                                    
19090906 002 6 540 1477  972     000                                    
19090912 002 6 546 1512  972     000                                    
19090918 002 6 552 1556  976     000                                    
19091000 002 6 556 1626  980     000                                    
19091006 002 6 571 1664  980     000                                    
19091012 002 6 574 1684  980     000                                    
19091018 002 6 580 1706  978     000                                    
19091100 002 6 583 1719  978     000                                    
19091106 002 6 585 1736  974     000                                    
19091112 002 6 591 1766  972     000                                    
19091118 002 6 594 1794  972     000                                    
19091200 002 6 601 1831  970     000                                    
66666 1914  030 0016 1914 0 6               KAJIKI              20191114
19083000 002 2 182 1263 1008     000                                    
19083006 002 2 181 1259 1006     000                                    
19083012 002 2 181 1250 1006     000                                    
19083018 002 2 181 1238 1006     000                                    
19083100 002 2 183 1227 1006     000                                    
19083106 002 2 195 1219 1004     000                                    
19083112 002 2 190 1205 1004     000                                    
19083118 002 2 193 1186 1002     000                                    
19090100 002 2 190 1173 1002     000                                    
19090106 002 2 190 1154 1000     000                                    
19090112 002 2 190 1136 1000     000                                    
19090118 002 2 189 1124 1000     000                                    
19090200 002 2 187 1114  998     000                                    
19090206 002 2 184 1093  998     000                                    
19090212 002 3 172 1084  996     035     00000 0000 10240 0120          
19090218 002 3 164 1074  996     035     00000 0000 10240 0120          
19090300 002 3 157 1069  998     035     00000 0000 10300 0120          
19090306 002 3 160 1078  998     035     00000 0000 10300 0120          
19090312 002 2 164 1085  998     000                                    
19090318 002 2 167 1080  998     000                                    
19090400 002 2 167 1079  998     000                                    
19090406 002 2 167 1080  998     000                                    
19090412 002 2 166 1088  998     000                                    
19090418 002 2 172 1092 1000     000                                    
19090500 002 2 176 1102 1000     000                                    
19090506 002 2 182 1116 1000     000                                    
19090512 002 2 191 1128 1000     000                                    
19090518 002 2 196 1130 1000     000                                    
19090600 002 2 194 1123 1000     000                                    
19090606 002 2 186 1125 1000     000                                    
66666 1915  050 0019 1915 0 6                FAXAI              20191114
19090200 002 2 159 1679 1010     000                                    
19090206 002 2 162 1666 1008     000                                    
19090212 002 2 165 1654 1008     000                                    
19090218 002 2 168 1643 1008     000                                    
19090300 002 2 170 1630 1008     000                                    
19090306 002 2 171 1618 1006     000                                    
19090312 002 2 172 1610 1008     000                                    
19090318 002 2 175 1602 1006     000                                    
19090400 002 2 178 1594 1008     000                                    
19090406 002 2 180 1585 1006     000                                    
19090412 002 2 183 1575 1004     000                                    
19090418 002 3 186 1567 1002     035     00000 0000 10150 0090          
19090500 002 3 191 1561 1000     035     00000 0000 10150 0090          
19090506 002 3 197 1555  998     040     00000 0000 10150 0090          
19090512 002 3 206 1546  996     040     00000 0000 10150 0090          
19090518 002 3 216 1532  994     040     00000 0000 10150 0090          
19090600 002 3 226 1516  992     045     00000 0000 10150 0090          
19090606 002 4 237 1499  990     050     00000 0000 10150 0090          
19090612 002 4 246 1481  985     055     90030 0030 10180 0120          
19090618 002 4 257 1465  980     060     90040 0040 10180 0120          
19090700 002 5 267 1450  975     065     90050 0050 10180 0120          
19090703 002 5 273 1441  970     070     90050 0050 10180 0120          
19090706 002 5 279 1433  970     070     90050 0050 10150 0090          
19090709 002 5 284 1426  965     075     90050 0050 10150 0090          
19090712 002 5 289 1418  960     080     90050 0050 10150 0090          
19090715 002 5 295 1412  960     080     90050 0050 10150 0090          
19090718 002 5 302 1405  955     085     90050 0050 10150 0090          
19090721 002 5 308 1400  955     085     90050 0050 10150 0090          
19090800 002 5 315 1395  955     085     90050 0050 20120 0090          
19090803 002 5 322 1392  955     085     90050 0050 20120 0090          
19090806 002 5 330 1390  955     085     90050 0050 20120 0090          
19090809 002 5 335 1389  955     085     90050 0050 20120 0090          
19090812 002 5 341 1390  955     085     90050 0050 20120 0090          
19090815 002 5 347 1393  960     080     30060 0040 30120 0090          
19090817 002 5 351 1395  960     080     30060 0040 30120 0090         #
19090818 002 5 353 1397  960     080     30060 0040 30120 0090          
19090819 002 5 355 1399  960     080     30060 0040 30120 0090         #
19090821 002 5 359 1403  960     080     30060 0040 30120 0090          
19090900 002 5 364 1409  970     075     30050 0040 30120 0090          
19090903 002 5 369 1416  975     070     30050 0040 30120 0090          
19090906 002 5 374 1424  980     065     30050 0030 30120 0090          
19090912 002 4 383 1443  985     060     30050 0030 30120 0090          
19090918 002 4 390 1464  990     055     30050 0030 30120 0090          
19091000 002 6 397 1488  992     000                                    
19091006 002 6 405 1515  996     000                                    
19091012 002 6 413 1550  998     000                                    
19091018 002 6 423 1582 1000     000                                    
19091100 002 6 432 1627 1000     000                                    
19091106 002 6 445 1687 1002     000                                    
19091112 002 6 468 1759 1002     000                                    
66666 1916  018 0022 1916 0 6               PEIPAH              20191114
19091218 002 2 117 1592 1006     000                                    
19091300 002 2 119 1585 1008     000                                    
19091306 002 2 122 1571 1006     000                                    
19091312 002 2 126 1557 1008     000                                    
19091318 002 2 128 1543 1006     000                                    
19091400 002 2 132 1529 1006     000                                    
19091406 002 2 135 1517 1004     000                                    
19091412 002 2 139 1512 1004     000                                    
19091418 002 2 143 1505 1002     000                                    
19091500 002 3 154 1497 1000     035     00000 0000 40150 0090          
19091506 002 3 166 1490 1000     035     00000 0000 40150 0090          
19091512 002 3 177 1480 1000     035     00000 0000 20150 0100          
19091518 002 3 195 1467 1000     035     00000 0000 20150 0100          
19091600 002 3 213 1453 1000     035     00000 0000 20150 0100          
19091606 002 3 235 1441 1000     035     00000 0000 20200 0100          
19091612 002 2 250 1429 1002     000                                    
19091618 002 2 270 1424 1002     000                                    
19091700 002 2 289 1427 1004     000                                    
66666 1917  037 0023 1917 0 6                TAPAH              20191122
19091700 002 2 200 1287 1000     000                                    
19091706 002 2 208 1287  998     000                                    
19091712 002 2 211 1288  998     000                                    
19091718 002 2 214 1289  998     000                                    
19091800 002 2 214 1289  998     000                                    
19091806 002 2 219 1290  998     000                                    
19091812 002 2 223 1297  998     000                                    
19091818 002 2 227 1294  998     000                                    
19091900 002 3 224 1287  996     035     00000 0000 90270 0270          
19091906 002 3 224 1286  994     035     00000 0000 90270 0270          
19091912 002 3 231 1282  992     040     00000 0000 90270 0270          
19091918 002 3 228 1274  990     040     00000 0000 30325 0270          
19092000 002 3 231 1272  985     045     00000 0000 30350 0270          
19092006 002 4 231 1272  980     050     00000 0000 30350 0270          
19092012 002 4 240 1272  980     050     00000 0000 30350 0270          
19092015 002 4 245 1267  975     060     20130 0090 30350 0240          
19092018 002 5 250 1264  970     065     20130 0090 30350 0240          
19092021 002 5 255 1261  970     065     20130 0090 30350 0240          
19092100 002 5 262 1257  970     065     20130 0090 30350 0240          
19092103 002 5 267 1256  970     065     20130 0090 30350 0240          
19092106 002 5 273 1256  970     065     30130 0090 30375 0240          
19092109 002 5 279 1256  970     065     30130 0090 30375 0240          
19092112 002 5 285 1256  970     065     30130 0090 30375 0240          
19092115 002 5 290 1258  970     065     30130 0090 30375 0240          
19092118 002 5 295 1261  970     065     30130 0090 30350 0240          
19092121 002 5 302 1265  970     065     30130 0090 30350 0240          
19092200 002 4 311 1270  975     060     30130 0090 30350 0180          
19092203 002 4 319 1274  975     060     30130 0090 30350 0180          
19092206 002 4 326 1279  975     060     30130 0090 30350 0180          
19092209 002 4 332 1285  975     060     30130 0090 30350 0180          
19092212 002 4 339 1295  980     055     30130 0090 30350 0150          
19092215 002 4 345 1304  980     055     30130 0090 30350 0150          
19092218 002 4 352 1313  985     050     00000 0000 30350 0150          
19092221 002 3 363 1327  990     045     00000 0000 30350 0150          
19092300 002 6 376 1342  992     000                                    
19092306 002 6 396 1375  992     000                                    
19092312 002 6 410 1398  996     000                                    
